# This is a test of the comment feature
name=BARA LOVE BLAST DOGGIES
bpm=128
offset=0
beatsPerMeasure=4

# Slow intro
+0, 0, 0, 0
+0, 0, 500, 1
+0, 0, 500, 2
+0, 0, 500, 3
+0, 0, 500, 2, type=up
+0, 0, 500, 1, type=up
+0, 0, 500, 0, type=up
+0, 0, 500, 3, type=up
+0, 0, 500, 0
+0, 0, 500, 1
+0, 0, 500, 2
+0, 0, 500, 3
+0, 0, 500, 2, type=down
+0, 0, 500, 1, type=down
+0, 0, 500, 0, type=down
+0, 0, 500, 3, type=down
+0, 0, 500, 0
+0, 0, 500, 1
+0, 0, 500, 2
+0, 0, 500, 3
+0, 0, 500, 2, type=up
+0, 0, 500, 1, type=up
+0, 0, 500, 0, type=up
+0, 0, 500, 3, type=up
+0, 0, 500, 0
+0, 0, 500, 1
+0, 0, 500, 2
+0, 0, 500, 3
+0, 0, 500, 2, type=down
+0, 0, 500, 1, type=down
+0, 0, 500, 0, type=down
+0, 0, 500, 3, type=down
+0, 0, 500, 0
+0, 0, 500, 1
+0, 0, 500, 2
+0, 0, 500, 3
+0, 0, 500, 2, type=up
+0, 0, 500, 1, type=up
+0, 0, 500, 0, type=up
+0, 0, 500, 3, type=up
+0, 0, 500, 0
+0, 0, 500, 1
+0, 0, 500, 2
+0, 0, 500, 3
+0, 0, 500, 2, type=down
+0, 0, 500, 1, type=down
+0, 0, 500, 0, type=down
+0, 0, 500, 3, type=down
+0, 0, 500, 0
+0, 0, 500, 1
+0, 0, 500, 2
+0, 0, 500, 3
+0, 0, 500, 2, type=up
+0, 0, 500, 1, type=up
+0, 0, 500, 0, type=up
+0, 0, 500, 3, type=up
+0, 0, 500, 0
+0, 0, 500, 1
+0, 0, 500, 2
+0, 0, 500, 3
+0, 0, 500, 2, type=down
+0, 0, 500, 1, type=down
+0, 0, 500, 0, type=down
+0, 0, 500, 3, type=down
+0, 0, 500, 0
+0, 0, 500, 1
+0, 0, 500, 2
+0, 0, 500, 3
+0, 0, 500, 2, type=up
+0, 0, 500, 1, type=up
+0, 0, 500, 0, type=up
+0, 0, 500, 3, type=up
+0, 0, 500, 0
+0, 0, 500, 1
+0, 0, 500, 2
+0, 0, 500, 3
+0, 0, 500, 2, type=down
+0, 0, 500, 1, type=down
+0, 0, 500, 0, type=down
+0, 0, 500, 3, type=down
+0, 0, 500, 0
+0, 0, 500, 1
+0, 0, 500, 2
+0, 0, 500, 3
+0, 0, 500, 2, type=up
+0, 0, 500, 1, type=up
+0, 0, 500, 0, type=up
+0, 0, 500, 3, type=up
+0, 0, 500, 0
+0, 0, 500, 1
+0, 0, 500, 2
+0, 0, 500, 3
+0, 0, 500, 2, type=down
+0, 0, 500, 1, type=down
+0, 0, 500, 0, type=down
+0, 0, 500, 3, type=down
# B
+0, 0, 500, 0
+0, 0, 0, 3
+0, 2, 0 , 0, type=up
+0, 0, 500, 1, type=up
+0, 0, 500, 2, type=up
+0, 0, 500, 3, type=up
+0, 0, 500, 0
+0, 0, 0, 3
+0, 1, 0, 0
+0, 0, 0, 3
+0, 1, 0, 0, type=up
+0, 0, 500, 1, type=up
+0, 0, 500, 2, type=up
+0, 0, 500, 3, type=up
# A
+0, 0, 500, 0
+0, 0, 500, 1
+0, 0, 500, 2
+0, 0, 500, 3
+0, 0, 500, 2, type=up
+0, 0, 500, 1, type=up
+0, 0, 500, 0, type=up
+0, 0, 500, 3, type=up
+0, 0, 500, 0
+0, 0, 500, 1
+0, 0, 500, 2
+0, 0, 500, 3
+0, 0, 500, 2, type=down
+0, 0, 500, 1, type=down
+0, 0, 500, 0, type=down
+0, 0, 500, 3, type=down
# C
+0, 0, 500, 0, type=down
+0, 0, 500, 1
+0, 0, 500, 2
+0, 0, 500, 3, type=up
+0, 0, 500, 0, type=up
+0, 0, 500, 3, type=down
+0, 0, 500, 0, type=down
+0, 0, 500, 3, type=up

